4
00 01 00 11  04 00 02 00  00 09 00 16  10 00 08 00
05 00 00 02  03 11 10 00  00 14 06 12  04 00 00 09
00 00 00 00  08 00 00 00  00 00 00 05  00 00 00 00
14 09 00 04  16 06 12 05  11 08 01 10  02 00 07 03

01 13 02 07  00 10 00 09  06 00 08 00  14 11 03 15
00 11 00 12  13 00 00 01  02 00 00 07  08 00 04 00
06 15 00 14  00 00 08 00  00 03 00 00  13 00 10 07
00 00 00 05  14 07 00 03  16 00 11 15  06 00 00 00

00 00 00 01  09 16 00 14  12 00 10 02  03 00 00 00
08 04 00 09  00 00 03 00  00 07 00 00  15 00 06 11
00 03 00 10  06 00 00 08  04 00 00 11  05 00 02 00
02 06 12 16  00 04 00 11  08 00 13 00  01 14 09 10

13 12 00 15  05 08 14 16  10 02 07 06  09 00 01 04
00 00 00 00  02 00 00 00  00 00 00 08  00 00 00 00
04 00 00 08  15 01 07 00  00 16 03 13  11 00 00 02
00 02 00 03  10 00 11 00  00 12 00 01  07 00 14 00
